1997,1447,1999
1983,1447,1999
1969,1447,1999
1955,1447,1999
1942,1447,1999
1929,1447,1999
1916,1448,1999
1903,1448,1999
1890,1449,1999
1878,1449,1999
1865,1450,1999
1853,1450,1999
1841,1451,1999
1830,1452,1999
1818,1453,1999
1807,1453,1999
1795,1454,1999
1784,1455,1999
1774,1456,1999
1763,1458,1999
1752,1459,1999
1742,1460,1999
1746,1461,1999
1750,1463,1999
1754,1464,1999
1757,1466,1999
1761,1467,1999
1764,1469,1999
1768,1471,1999
1771,1473,1999
1774,1475,1999
1777,1477,1999
1779,1479,1999
1782,1481,1999
1784,1483,1999
1787,1485,1999
1789,1488,1999
1791,1490,1999
1793,1493,1999
1795,1495,1999
1797,1498,1999
1799,1501,1999
1801,1504,1999
1802,1507,1999
1804,1510,1999
1805,1513,1999
1806,1516,1999
1807,1519,1999
1808,1523,1999
1809,1526,1999
1810,1530,1999
1811,1521,1999
1812,1511,1999
1813,1502,1999
1813,1493,1999
1814,1483,1999
1814,1473,1999
1814,1463,1999
1815,1453,1999
1815,1443,1999
1815,1433,1999
1815,1423,1999
1815,1412,1999
1815,1401,1999
1815,1390,1999
1814,1379,1999
1814,1368,1999
1814,1357,1999
1813,1345,1999
1813,1333,1999
1812,1321,1999
1812,1309,1999
1820,1297,1999
1829,1284,1999
1838,1271,1999
1846,1258,1999
1855,1245,1999
1864,1232,1999
1873,1218,1999
1881,1204,1999
1890,1190,1999
1899,1176,1999
1908,1162,1999
1916,1147,1999
1925,1132,1999
1934,1117,1999
1943,1102,1999
1952,1087,1999
1961,1071,1999
1970,1055,1999
1979,1040,1999
1987,1024,1999
1996,1008,1999
